43368
31359
54338
46194
55855
34675
48840
15127
26343
27814
33440
20328
27564
32735
10511
26607
15671
28151
5144
27774
26456
54829
33314
59595
39424
61691
14202
26379
6060
52359
56790
41648
22973
30166
11314
35544
58241
44331
11672
48014
12260
10848
29478
2779
27099
41762
51237
34117
10557
42358
13655
8908
50864
23804
3668
9234
24171
46365
10185
21835
15453
13850
41782
64591
61912
62217
23436
28312
38535
58192
35040
52638
57724
55175
47069
12846
40095
43015
30365
17381
2637
20226
54197
24495
54095
59678
59482
45253
63539
27269
33613
2545
40302
35614
47764
37469
49877
40956
46434
4393
34399
59807
41239
34439
17575
13086
11072
61303
8419
24034
27202
19448
28420
52268
11741
60754
28368
15102
52163
31949
23353
62984
41368
16797
14119
56867
26855
49278
64974
14666
49499
38750
2442
61911
56814
19793
3710
52797
22825
61792
61188
19251
57103
45996
52374
27663
36722
59969
61857
55411
58640
6120
50364
36750
11167
56742
46418
61550
29864
12691
41555
45100
53175
40362
22026
62155
51457
41261
25591
15940
51737
62893
41005
37113
36121
28632
65484
61892
64406
25126
33182
18511
23264
54930
41367
58556
52606
4892
17168
36303
59969
48342
12770
12659
23133
34144
45689
60530
13690
47318
49822
20492
47998
48313
59569
57095
23415
48546
54009
15312
58488
28558
48551
32501
46102
3552
6518
31915
38219
17095
20412
14702
23924
31740
43109
36215
45797
35575
15397
40188
33984
31478
52815
48155
50437
58876
18275
63827
53297
1306
2298
35993
28634
26281
15932
64485
39685
59494
48915
56474
32474
64045
51387
43940
10180
39516
14759
33034
32159
9545
49703
9953
34848
20356
33776
56276
60123
13706
27124
20041
48419
46307
27946
62424
51358
35086
27416
6229
32156
21529
58737
60828
44166
40338
18526
41158
9188
23819
21460
24422
31137
11737
13699
10231
32627
18987
20781
57257
40191
49816
50760
7709
43501
38606
26722
22793
64847
49786
9674
1725
35470
35120
6673
9041
52482
15099
47540
30970
26139
58370
26349
40230
5582
21010
11833
49536
46286
11685
37168
1616
9095
36602
59606
45853
31450
7554
39660
42719
60330
61079
51535
877
35706
43526
17459
58256
11803
1583
61807
10508
29106
9277
61767
48179
21216
19849
1384
4411
13609
51238
61017
21746
63467
1962
63483
11012
54475
11036
64388
38837
47402
10168
65196
13853
7194
64506
59657
44830
64646
64953
48049
64568
27485
39648
20738
6327
29301
27969
1122
39806
9736
10422
10493
20571
35664
60998
60505
20809
48671
53456
64333
41729
22674
40607
59016
50303
48745
14679
5368
35679
12458
14570
57073
42759
51363
14680
55939
5902
62229
56300
10442
9789
14375
11670
49947
14130
63953
11156
65072
2678
64674
34698
11982
35781
40050
31549
6086
38355
19405
31792
27082
11528
43114
24286
37840
11030
64587
2684
46064
12989
22848
14124
64938
34086
46883
60323
4380
15655
10955
2818
51128
53363
45169
24980
64489
4097
22202
18040
62239
18294
17220
16964
53743
25552
60910
50807
61937
3056
40900
4272
62889
28251
17779
60887
2448
54956
46628
28345
12165
18214
56867
24364
40056
49119
44008
46389
52442
14628
1339
23781
52157
53877
29835
2528
22709
18210
11116
49000
53721
21723
39313
56581
36800
42126
22328
59191
20904
45595
55687
21263
23992
43143
9877
3928
38310
46687
2186
49235
18474
52609
35639
60050
25811
25123
34891
1986
42879
41939
52214
33840
41923
61358
49329
24415
29815
14834
23851
62284
29139
50861
15754
47009
15786
24900
53497
36350
54140
495
30956
50454
3505
25280
30696
61382
17464
56226
58687
30201
43012
10958
18752
21789
47998
52383
32010
28563
34743
45076
20999
33811
51653
27544
63985
2444
30879
23847
14482
47175
29587
8501
55198
8074
30855
37196
23051
52927
23041
38528
29282
64458
52099
57545
42603
15443
37188
23321
58576
36748
54155
39263
42670
12222
16155
41248
49847
10354
18661
13311
2131
40591
48190
5332
29464
54336
58887
51404
41067
57976
32029
50753
46613
44687
30467
20214
6097
64199
30616
54155
55030
26219
33177
28175
22838
31744
5242
686
9648
25567
26760
60112
26924
46567
64740
49595
38558
6128
452
17807
34666
40555
15596
5362
53838
11162
5258
62650
22476
40518
17948
53818
37521
29864
6557
49698
22766
29258
21924
10715
58684
53667
58645
13831
7510
62103
41818
58491
53298
20511
38529
42754
37769
46927
34776
61119
56765
19223
18774
31317
10370
16503
31084
49943
19270
33081
34020
23631
46957
32013
22677
649
61415
32063
22604
48297
2200
19363
1594
5527
29557
3257
25649
42781
6389
54497
42740
65155
6649
60398
53529
9374
33454
28375
18426
40586
15026
16301
22211
44529
9881
3583
54170
36846
29981
61500
1503
56457
42387
10055
25667
24276
55707
31419
31469
29403
20497
19615
3729
23382
34473
22694
32308
2478
61804
48068
11239
30539
44755
44885
55830
11262
17330
36183
2160
41644
38603
37781
24106
28532
59405
12415
39085
57744
56906
53200
39662
9130
30461
25997
33756
59174
20911
50502
57069
34456
39679
63607
25050
22833
38264
45920
25522
2293
12126
4631
33882
65504
14353
27159
26094
4459
3132
5508
1160
3598
6543
12021
6536
55769
32804
42232
6005
24131
42064
26167
1963
30227
30369
38924
56542
63746
1187
25601
27113
53204
62126
25416
62778
31027
26854
41919
33544
26574
54030
44883
11537
60365
22207
34332
52005
63504
52675
42039
29961
38903
19808
40998
563
43062
12101
47999
12092
46408
16376
39056
57595
24586
12588
49726
37809
30192
61124
35362
11823
59794
43888
4651
36624
62167
51303
58570
29246
65472
31347
61291
2031
30736
51308
53478
25054
6946
13160
26290
59474
26659
47909
10922
23701
51811
42980
64985
41523
27922
27220
17866
2477
43122
18593
1808
10033
62998
31026
52158
13137
36496
44726
27973
29888
4474
8672
12626
31955
29878
29145
24174
59246
35353
39247
29271
30283
36610
63855
20170
33057
53335
39443
64667
56600
39712
9586
28238
12124
40608
31189
62863
36324
64728
33661
53188
59375
31179
14392
20527
51779
15683
17282
12130
9131
9706
10614
31527
63760
48206
18171
31954
55273
59476
14851
51510
62987
59511
29847
2811
37138
63505
19449
6224
23159
7435
61877
36348
47463
52699
55845
42512
58789
23358
561
56873
26821
7518
57318
29272
20911
28388
5718
52483
21274
8581
80
2901
